0 39 76 112 147 180 211 240 268 295 320 343 364 384 403 420 435 448 460 471 480 487 492 496 499 500 499 496 492 487 480 471 460 448 435 420 403 384 364 343 320 295 268 240 211 180 147 112 76 39 
39 78 115 151 186 219 250 279 307 334 359 382 403 423 442 459 474 487 499 510 519 526 531 535 538 539 538 535 531 526 519 510 499 487 474 459 442 423 403 382 359 334 307 279 250 219 186 151 115 78 
76 115 153 189 223 256 287 317 345 371 396 419 441 461 479 496 511 525 537 547 556 563 569 573 575 576 575 573 569 563 556 547 537 525 511 496 479 461 441 419 396 371 345 317 287 256 223 189 153 115 
112 151 189 225 259 292 323 353 381 407 432 455 477 497 515 532 547 561 573 583 592 599 605 609 611 612 611 609 605 599 592 583 573 561 547 532 515 497 477 455 432 407 381 353 323 292 259 225 189 151 
147 186 223 259 294 327 358 387 415 442 467 490 511 531 550 567 582 595 607 618 627 634 639 643 646 647 646 643 639 634 627 618 607 595 582 567 550 531 511 490 467 442 415 387 358 327 294 259 223 186 
180 219 256 292 327 360 391 420 448 475 500 523 544 564 583 600 615 628 640 651 660 667 672 676 679 680 679 676 672 667 660 651 640 628 615 600 583 564 544 523 500 475 448 420 391 360 327 292 256 219 
211 250 287 323 358 391 422 451 479 506 531 554 575 595 614 631 646 659 671 682 691 698 703 707 710 711 710 707 703 698 691 682 671 659 646 631 614 595 575 554 531 506 479 451 422 391 358 323 287 250 
240 279 317 353 387 420 451 481 509 535 560 583 605 625 643 660 675 689 701 711 720 727 733 737 739 740 739 737 733 727 720 711 701 689 675 660 643 625 605 583 560 535 509 481 451 420 387 353 317 279 
268 307 345 381 415 448 479 509 537 563 588 611 633 653 671 688 703 717 729 739 748 755 761 765 767 768 767 765 761 755 748 739 729 717 703 688 671 653 633 611 588 563 537 509 479 448 415 381 345 307 
295 334 371 407 442 475 506 535 563 590 615 638 659 679 698 715 730 743 755 766 775 782 787 791 794 795 794 791 787 782 775 766 755 743 730 715 698 679 659 638 615 590 563 535 506 475 442 407 371 334 
320 359 396 432 467 500 531 560 588 615 640 663 684 704 723 740 755 768 780 791 800 807 812 816 819 820 819 816 812 807 800 791 780 768 755 740 723 704 684 663 640 615 588 560 531 500 467 432 396 359 
343 382 419 455 490 523 554 583 611 638 663 686 707 727 746 763 778 791 803 814 823 830 835 839 842 843 842 839 835 830 823 814 803 791 778 763 746 727 707 686 663 638 611 583 554 523 490 455 419 382 
364 403 441 477 511 544 575 605 633 659 684 707 729 749 767 784 799 813 825 835 844 851 857 861 863 864 863 861 857 851 844 835 825 813 799 784 767 749 729 707 684 659 633 605 575 544 511 477 441 403 
384 423 461 497 531 564 595 625 653 679 704 727 749 769 787 804 819 833 845 855 864 871 877 881 883 884 883 881 877 871 864 855 845 833 819 804 787 769 749 727 704 679 653 625 595 564 531 497 461 423 
403 442 479 515 550 583 614 643 671 698 723 746 767 787 806 823 838 851 863 874 883 890 895 899 902 903 902 899 895 890 883 874 863 851 838 823 806 787 767 746 723 698 671 643 614 583 550 515 479 442 
420 459 496 532 567 600 631 660 688 715 740 763 784 804 823 840 855 868 880 891 900 907 912 916 919 920 919 916 912 907 900 891 880 868 855 840 823 804 784 763 740 715 688 660 631 600 567 532 496 459 
435 474 511 547 582 615 646 675 703 730 755 778 799 819 838 855 870 883 895 906 915 922 927 931 934 935 934 931 927 922 915 906 895 883 870 855 838 819 799 778 755 730 703 675 646 615 582 547 511 474 
448 487 525 561 595 628 659 689 717 743 768 791 813 833 851 868 883 897 909 919 928 935 941 945 947 948 947 945 941 935 928 919 909 897 883 868 851 833 813 791 768 743 717 689 659 628 595 561 525 487 
460 499 537 573 607 640 671 701 729 755 780 803 825 845 863 880 895 909 921 931 940 947 953 957 959 960 959 957 953 947 940 931 921 909 895 880 863 845 825 803 780 755 729 701 671 640 607 573 537 499 
471 510 547 583 618 651 682 711 739 766 791 814 835 855 874 891 906 919 931 942 951 958 963 967 970 971 970 967 963 958 951 942 931 919 906 891 874 855 835 814 791 766 739 711 682 651 618 583 547 510 
480 519 556 592 627 660 691 720 748 775 800 823 844 864 883 900 915 928 940 951 960 967 972 976 979 980 979 976 972 967 960 951 940 928 915 900 883 864 844 823 800 775 748 720 691 660 627 592 556 519 
487 526 563 599 634 667 698 727 755 782 807 830 851 871 890 907 922 935 947 958 967 974 979 983 986 987 986 983 979 974 967 958 947 935 922 907 890 871 851 830 807 782 755 727 698 667 634 599 563 526 
492 531 569 605 639 672 703 733 761 787 812 835 857 877 895 912 927 941 953 963 972 979 985 989 991 992 991 989 985 979 972 963 953 941 927 912 895 877 857 835 812 787 761 733 703 672 639 605 569 531 
496 535 573 609 643 676 707 737 765 791 816 839 861 881 899 916 931 945 957 967 976 983 989 993 995 996 995 993 989 983 976 967 957 945 931 916 899 881 861 839 816 791 765 737 707 676 643 609 573 535 
499 538 575 611 646 679 710 739 767 794 819 842 863 883 902 919 934 947 959 970 979 986 991 995 998 999 998 995 991 986 979 970 959 947 934 919 902 883 863 842 819 794 767 739 710 679 646 611 575 538 
500 539 576 612 647 680 711 740 768 795 820 843 864 884 903 920 935 948 960 971 980 987 992 996 999 1000 999 996 992 987 980 971 960 948 935 920 903 884 864 843 820 795 768 740 711 680 647 612 576 539 
499 538 575 611 646 679 710 739 767 794 819 842 863 883 902 919 934 947 959 970 979 986 991 995 998 999 998 995 991 986 979 970 959 947 934 919 902 883 863 842 819 794 767 739 710 679 646 611 575 538 
496 535 573 609 643 676 707 737 765 791 816 839 861 881 899 916 931 945 957 967 976 983 989 993 995 996 995 993 989 983 976 967 957 945 931 916 899 881 861 839 816 791 765 737 707 676 643 609 573 535 
492 531 569 605 639 672 703 733 761 787 812 835 857 877 895 912 927 941 953 963 972 979 985 989 991 992 991 989 985 979 972 963 953 941 927 912 895 877 857 835 812 787 761 733 703 672 639 605 569 531 
487 526 563 599 634 667 698 727 755 782 807 830 851 871 890 907 922 935 947 958 967 974 979 983 986 987 986 983 979 974 967 958 947 935 922 907 890 871 851 830 807 782 755 727 698 667 634 599 563 526 
480 519 556 592 627 660 691 720 748 775 800 823 844 864 883 900 915 928 940 951 960 967 972 976 979 980 979 976 972 967 960 951 940 928 915 900 883 864 844 823 800 775 748 720 691 660 627 592 556 519 
471 510 547 583 618 651 682 711 739 766 791 814 835 855 874 891 906 919 931 942 951 958 963 967 970 971 970 967 963 958 951 942 931 919 906 891 874 855 835 814 791 766 739 711 682 651 618 583 547 510 
460 499 537 573 607 640 671 701 729 755 780 803 825 845 863 880 895 909 921 931 940 947 953 957 959 960 959 957 953 947 940 931 921 909 895 880 863 845 825 803 780 755 729 701 671 640 607 573 537 499 
448 487 525 561 595 628 659 689 717 743 768 791 813 833 851 868 883 897 909 919 928 935 941 945 947 948 947 945 941 935 928 919 909 897 883 868 851 833 813 791 768 743 717 689 659 628 595 561 525 487 
435 474 511 547 582 615 646 675 703 730 755 778 799 819 838 855 870 883 895 906 915 922 927 931 934 935 934 931 927 922 915 906 895 883 870 855 838 819 799 778 755 730 703 675 646 615 582 547 511 474 
420 459 496 532 567 600 631 660 688 715 740 763 784 804 823 840 855 868 880 891 900 907 912 916 919 920 919 916 912 907 900 891 880 868 855 840 823 804 784 763 740 715 688 660 631 600 567 532 496 459 
403 442 479 515 550 583 614 643 671 698 723 746 767 787 806 823 838 851 863 874 883 890 895 899 902 903 902 899 895 890 883 874 863 851 838 823 806 787 767 746 723 698 671 643 614 583 550 515 479 442 
384 423 461 497 531 564 595 625 653 679 704 727 749 769 787 804 819 833 845 855 864 871 877 881 883 884 883 881 877 871 864 855 845 833 819 804 787 769 749 727 704 679 653 625 595 564 531 497 461 423 
364 403 441 477 511 544 575 605 633 659 684 707 729 749 767 784 799 813 825 835 844 851 857 861 863 864 863 861 857 851 844 835 825 813 799 784 767 749 729 707 684 659 633 605 575 544 511 477 441 403 
343 382 419 455 490 523 554 583 611 638 663 686 707 727 746 763 778 791 803 814 823 830 835 839 842 843 842 839 835 830 823 814 803 791 778 763 746 727 707 686 663 638 611 583 554 523 490 455 419 382 
320 359 396 432 467 500 531 560 588 615 640 663 684 704 723 740 755 768 780 791 800 807 812 816 819 820 819 816 812 807 800 791 780 768 755 740 723 704 684 663 640 615 588 560 531 500 467 432 396 359 
295 334 371 407 442 475 506 535 563 590 615 638 659 679 698 715 730 743 755 766 775 782 787 791 794 795 794 791 787 782 775 766 755 743 730 715 698 679 659 638 615 590 563 535 506 475 442 407 371 334 
268 307 345 381 415 448 479 509 537 563 588 611 633 653 671 688 703 717 729 739 748 755 761 765 767 768 767 765 761 755 748 739 729 717 703 688 671 653 633 611 588 563 537 509 479 448 415 381 345 307 
240 279 317 353 387 420 451 481 509 535 560 583 605 625 643 660 675 689 701 711 720 727 733 737 739 740 739 737 733 727 720 711 701 689 675 660 643 625 605 583 560 535 509 481 451 420 387 353 317 279 
211 250 287 323 358 391 422 451 479 506 531 554 575 595 614 631 646 659 671 682 691 698 703 707 710 711 710 707 703 698 691 682 671 659 646 631 614 595 575 554 531 506 479 451 422 391 358 323 287 250 
180 219 256 292 327 360 391 420 448 475 500 523 544 564 583 600 615 628 640 651 660 667 672 676 679 680 679 676 672 667 660 651 640 628 615 600 583 564 544 523 500 475 448 420 391 360 327 292 256 219 
147 186 223 259 294 327 358 387 415 442 467 490 511 531 550 567 582 595 607 618 627 634 639 643 646 647 646 643 639 634 627 618 607 595 582 567 550 531 511 490 467 442 415 387 358 327 294 259 223 186 
112 151 189 225 259 292 323 353 381 407 432 455 477 497 515 532 547 561 573 583 592 599 605 609 611 612 611 609 605 599 592 583 573 561 547 532 515 497 477 455 432 407 381 353 323 292 259 225 189 151 
76 115 153 189 223 256 287 317 345 371 396 419 441 461 479 496 511 525 537 547 556 563 569 573 575 576 575 573 569 563 556 547 537 525 511 496 479 461 441 419 396 371 345 317 287 256 223 189 153 115 
39 78 115 151 186 219 250 279 307 334 359 382 403 423 442 459 474 487 499 510 519 526 531 535 538 539 538 535 531 526 519 510 499 487 474 459 442 423 403 382 359 334 307 279 250 219 186 151 115 78 
0 0 0
0 0 0
0 0 0
0 0 0
0 0 0
0 0 0
0 0 0
0 0 0
0 0 0
0 -12 0
0 -12 0
0 -12 0
0 -12 0
0 -12 0
0 -12 0
0 -12 0
0 -12 0
0 -12 0
0 -12 12
0 -12 12
0 -12 12
0 -12 12
0 -12 12
0 -12 12
0 -12 12
0 -12 12
0 -12 12
0 0 -12
0 0 -12
0 0 -12
0 0 -12
0 0 -12
0 0 -12
0 0 -12
0 0 -12
0 0 -12
0 0 12
0 0 12
0 0 12
0 0 12
0 0 12
0 0 12
0 0 12
0 0 12
0 0 12
0 12 0
0 12 0
0 12 0
0 12 0
0 12 0
0 12 0
0 12 0
0 12 0
0 12 0
1 0 0
1 0 0
1 0 0
1 0 0
1 0 0
1 0 0
1 0 0
1 0 0
1 0 0
1 -12 0
1 -12 0
1 -12 0
1 -12 0
1 -12 0
1 -12 0
1 -12 0
1 -12 0
1 -12 0
1 -12 12
1 -12 12
1 -12 12
1 -12 12
1 -12 12
1 -12 12
1 -12 12
1 -12 12
1 -12 12
1 0 -12
1 0 -12
1 0 -12
1 0 -12
1 0 -12
1 0 -12
1 0 -12
1 0 -12
1 0 -12
1 0 12
1 0 12
1 0 12
1 0 12
1 0 12
1 0 12
1 0 12
1 0 12
1 0 12
1 12 0
1 12 0
1 12 0
1 12 0
1 12 0
1 12 0
1 12 0
1 12 0
1 12 0
2 0 0
2 0 0
2 0 0
2 0 0
2 0 0
2 0 0
2 0 0
2 0 0
2 0 0
2 -12 0
2 -12 0
2 -12 0
2 -12 0
2 -12 0
2 -12 0
2 -12 0
2 -12 0
2 -12 0
2 -12 12
2 -12 12
2 -12 12
2 -12 12
2 -12 12
2 -12 12
2 -12 12
2 -12 12
2 -12 12
2 0 -12
2 0 -12
2 0 -12
2 0 -12
2 0 -12
2 0 -12
2 0 -12
2 0 -12
2 0 -12
2 0 12
2 0 12
2 0 12
2 0 12
2 0 12
2 0 12
2 0 12
2 0 12
2 0 12
2 12 0
2 12 0
2 12 0
2 12 0
2 12 0
2 12 0
2 12 0
2 12 0
2 12 0
3 0 0
3 0 0
3 0 0
3 0 0
3 0 0
3 0 0
3 0 0
3 0 0
3 0 0
3 -12 0
3 -12 0
3 -12 0
3 -12 0
3 -12 0
3 -12 0
3 -12 0
3 -12 0
3 -12 0
3 -12 12
3 -12 12
3 -12 12
3 -12 12
3 -12 12
3 -12 12
3 -12 12
3 -12 12
3 -12 12
3 0 -12
3 0 -12
3 0 -12
3 0 -12
3 0 -12
3 0 -12
3 0 -12
3 0 -12
3 0 -12
3 0 12
3 0 12
3 0 12
3 0 12
3 0 12
3 0 12
3 0 12
3 0 12
3 0 12
3 12 0
3 12 0
3 12 0
3 12 0
3 12 0
3 12 0
3 12 0
3 12 0
3 12 0
4 0 0
4 0 0
4 0 0
4 0 0
4 0 0
4 0 0
4 0 0
4 0 0
4 0 0
4 -12 0
4 -12 0
4 -12 0
4 -12 0
4 -12 0
4 -12 0
4 -12 0
4 -12 0
4 -12 0
4 -12 12
4 -12 12
4 -12 12
4 -12 12
4 -12 12
4 -12 12
4 -12 12
4 -12 12
4 -12 12
4 0 -12
4 0 -12
4 0 -12
4 0 -12
4 0 -12
4 0 -12
4 0 -12
4 0 -12
4 0 -12
4 0 12
4 0 12
4 0 12
4 0 12
4 0 12
4 0 12
4 0 12
4 0 12
4 0 12
4 12 0
4 12 0
4 12 0
4 12 0
4 12 0
4 12 0
4 12 0
4 12 0
4 12 0
5 0 0
5 0 0
5 0 0
5 0 0
5 0 0
5 0 0
5 0 0
5 0 0
5 0 0
5 -12 0
5 -12 0
5 -12 0
5 -12 0
5 -12 0
5 -12 0
5 -12 0
5 -12 0
5 -12 0
5 -12 12
5 -12 12
5 -12 12
5 -12 12
5 -12 12
5 -12 12
5 -12 12
5 -12 12
5 -12 12
5 0 -12
5 0 -12
5 0 -12
5 0 -12
5 0 -12
5 0 -12
5 0 -12
5 0 -12
5 0 -12
5 0 12
5 0 12
5 0 12
5 0 12
5 0 12
5 0 12
5 0 12
5 0 12
5 0 12
5 12 0
5 12 0
5 12 0
5 12 0
5 12 0
5 12 0
5 12 0
5 12 0
5 12 0
6 0 0
6 0 0
6 0 0
6 0 0
6 0 0
6 0 0
6 0 0
6 0 0
6 0 0
6 -12 0
6 -12 0
6 -12 0
6 -12 0
6 -12 0
6 -12 0
6 -12 0
6 -12 0
6 -12 0
6 -12 12
6 -12 12
6 -12 12
6 -12 12
6 -12 12
6 -12 12
6 -12 12
6 -12 12
6 -12 12
6 0 -12
6 0 -12
6 0 -12
6 0 -12
6 0 -12
6 0 -12
6 0 -12
6 0 -12
6 0 -12
6 0 12
6 0 12
6 0 12
6 0 12
6 0 12
6 0 12
6 0 12
6 0 12
6 0 12
6 12 0
6 12 0
6 12 0
6 12 0
6 12 0
6 12 0
6 12 0
6 12 0
6 12 0
7 0 0
7 0 0
7 0 0
7 0 0
7 0 0
7 0 0
7 0 0
7 0 0
7 0 0
7 -12 0
7 -12 0
7 -12 0
7 -12 0
7 -12 0
7 -12 0
7 -12 0
7 -12 0
7 -12 0
7 -12 12
7 -12 12
7 -12 12
7 -12 12
7 -12 12
7 -12 12
7 -12 12
7 -12 12
7 -12 12
7 0 -12
7 0 -12
7 0 -12
7 0 -12
7 0 -12
7 0 -12
7 0 -12
7 0 -12
7 0 -12
7 0 12
7 0 12
7 0 12
7 0 12
7 0 12
7 0 12
7 0 12
7 0 12
7 0 12
7 12 0
7 12 0
7 12 0
7 12 0
7 12 0
7 12 0
7 12 0
7 12 0
7 12 0
8 0 0
8 0 0
8 0 0
8 0 0
8 0 0
8 0 0
8 0 0
8 0 0
8 0 0
8 -12 0
8 -12 0
8 -12 0
8 -12 0
8 -12 0
8 -12 0
8 -12 0
8 -12 0
8 -12 0
8 -12 12
8 -12 12
8 -12 12
8 -12 12
8 -12 12
8 -12 12
8 -12 12
8 -12 12
8 -12 12
8 0 -12
8 0 -12
8 0 -12
8 0 -12
8 0 -12
8 0 -12
8 0 -12
8 0 -12
8 0 -12
8 0 12
8 0 12
8 0 12
8 0 12
8 0 12
8 0 12
8 0 12
8 0 12
8 0 12
8 12 0
8 12 0
8 12 0
8 12 0
8 12 0
8 12 0
8 12 0
8 12 0
8 12 0
9 0 0
9 0 0
9 0 0
9 0 0
9 0 0
9 0 0
9 0 0
9 0 0
9 0 0
9 -12 0
9 -12 0
9 -12 0
9 -12 0
9 -12 0
9 -12 0
9 -12 0
9 -12 0
9 -12 0
9 -12 12
9 -12 12
9 -12 12
9 -12 12
9 -12 12
9 -12 12
9 -12 12
9 -12 12
9 -12 12
9 0 -12
9 0 -12
9 0 -12
9 0 -12
9 0 -12
9 0 -12
9 0 -12
9 0 -12
9 0 -12
9 0 12
9 0 12
9 0 12
9 0 12
9 0 12
9 0 12
9 0 12
9 0 12
9 0 12
9 12 0
9 12 0
9 12 0
9 12 0
9 12 0
9 12 0
9 12 0
9 12 0
9 12 0
10 0 0
10 0 0
10 0 0
10 0 0
10 0 0
10 0 0
10 0 0
10 0 0
10 0 0
10 -12 0
10 -12 0
10 -12 0
10 -12 0
10 -12 0
10 -12 0
10 -12 0
10 -12 0
10 -12 0
10 -12 12
10 -12 12
10 -12 12
10 -12 12
10 -12 12
10 -12 12
10 -12 12
10 -12 12
10 -12 12
10 0 -12
10 0 -12
10 0 -12
10 0 -12
10 0 -12
10 0 -12
10 0 -12
10 0 -12
10 0 -12
10 0 12
10 0 12
10 0 12
10 0 12
10 0 12
10 0 12
10 0 12
10 0 12
10 0 12
10 12 0
10 12 0
10 12 0
10 12 0
10 12 0
10 12 0
10 12 0
10 12 0
10 12 0
11 0 0
11 0 0
11 0 0
11 0 0
11 0 0
11 0 0
11 0 0
11 0 0
11 0 0
11 -12 0
11 -12 0
11 -12 0
11 -12 0
11 -12 0
11 -12 0
11 -12 0
11 -12 0
11 -12 0
11 -12 12
11 -12 12
11 -12 12
11 -12 12
11 -12 12
11 -12 12
11 -12 12
11 -12 12
11 -12 12
11 0 -12
11 0 -12
11 0 -12
11 0 -12
11 0 -12
11 0 -12
11 0 -12
11 0 -12
11 0 -12
11 0 12
11 0 12
11 0 12
11 0 12
11 0 12
11 0 12
11 0 12
11 0 12
11 0 12
11 12 0
11 12 0
11 12 0
11 12 0
11 12 0
11 12 0
11 12 0
11 12 0
11 12 0
12 0 0
12 0 0
12 0 0
12 0 0
12 0 0
12 0 0
12 0 0
12 0 0
12 0 0
12 -12 0
12 -12 0
12 -12 0
12 -12 0
12 -12 0
12 -12 0
12 -12 0
12 -12 0
12 -12 0
12 -12 12
12 -12 12
12 -12 12
12 -12 12
12 -12 12
12 -12 12
12 -12 12
12 -12 12
12 -12 12
12 0 -12
12 0 -12
12 0 -12
12 0 -12
12 0 -12
12 0 -12
12 0 -12
12 0 -12
12 0 -12
12 0 12
12 0 12
12 0 12
12 0 12
12 0 12
12 0 12
12 0 12
12 0 12
12 0 12
12 12 0
12 12 0
12 12 0
12 12 0
12 12 0
12 12 0
12 12 0
12 12 0
12 12 0
13 0 0
13 0 0
13 0 0
13 0 0
13 0 0
13 0 0
13 0 0
13 0 0
13 0 0
13 -12 0
13 -12 0
13 -12 0
13 -12 0
13 -12 0
13 -12 0
13 -12 0
13 -12 0
13 -12 0
13 -12 12
13 -12 12
13 -12 12
13 -12 12
13 -12 12
13 -12 12
13 -12 12
13 -12 12
13 -12 12
13 0 -12
13 0 -12
13 0 -12
13 0 -12
13 0 -12
13 0 -12
13 0 -12
13 0 -12
13 0 -12
13 0 12
13 0 12
13 0 12
13 0 12
13 0 12
13 0 12
13 0 12
13 0 12
13 0 12
13 12 0
13 12 0
13 12 0
13 12 0
13 12 0
13 12 0
13 12 0
13 12 0
13 12 0
14 0 0
14 0 0
14 0 0
14 0 0
14 0 0
14 0 0
14 0 0
14 0 0
14 0 0
14 -12 0
14 -12 0
14 -12 0
14 -12 0
14 -12 0
14 -12 0
14 -12 0
14 -12 0
14 -12 0
14 -12 12
14 -12 12
14 -12 12
14 -12 12
14 -12 12
14 -12 12
14 -12 12
14 -12 12
14 -12 12
14 0 -12
14 0 -12
14 0 -12
14 0 -12
14 0 -12
14 0 -12
14 0 -12
14 0 -12
14 0 -12
14 0 12
14 0 12
14 0 12
14 0 12
14 0 12
14 0 12
14 0 12
14 0 12
14 0 12
14 12 0
14 12 0
14 12 0
14 12 0
14 12 0
14 12 0
14 12 0
14 12 0
14 12 0
15 0 0
15 0 0
15 0 0
15 0 0
15 0 0
15 0 0
15 0 0
15 0 0
15 0 0
15 -12 0
15 -12 0
15 -12 0
15 -12 0
15 -12 0
15 -12 0
15 -12 0
15 -12 0
15 -12 0
15 -12 12
15 -12 12
15 -12 12
15 -12 12
15 -12 12
15 -12 12
15 -12 12
15 -12 12
15 -12 12
15 0 -12
15 0 -12
15 0 -12
15 0 -12
15 0 -12
15 0 -12
15 0 -12
15 0 -12
15 0 -12
15 0 12
15 0 12
15 0 12
15 0 12
15 0 12
15 0 12
15 0 12
15 0 12
15 0 12
15 12 0
15 12 0
15 12 0
15 12 0
15 12 0
15 12 0
15 12 0
15 12 0
15 12 0
16 0 0
16 0 0
16 0 0
16 0 0
16 0 0
16 0 0
16 0 0
16 0 0
16 0 0
16 -12 0
16 -12 0
16 -12 0
16 -12 0
16 -12 0
16 -12 0
16 -12 0
16 -12 0
16 -12 0
16 -12 12
16 -12 12
16 -12 12
16 -12 12
16 -12 12
16 -12 12
16 -12 12
16 -12 12
16 -12 12
16 0 -12
16 0 -12
16 0 -12
16 0 -12
16 0 -12
16 0 -12
16 0 -12
16 0 -12
16 0 -12
16 0 12
16 0 12
16 0 12
16 0 12
16 0 12
16 0 12
16 0 12
16 0 12
16 0 12
16 12 0
16 12 0
16 12 0
16 12 0
16 12 0
16 12 0
16 12 0
16 12 0
16 12 0
17 0 0
17 0 0
17 0 0
17 0 0
17 0 0
17 0 0
17 0 0
17 0 0
17 0 0
17 -12 0
17 -12 0
17 -12 0
17 -12 0
17 -12 0
17 -12 0
17 -12 0
17 -12 0
17 -12 0
17 -12 12
17 -12 12
17 -12 12
17 -12 12
17 -12 12
17 -12 12
17 -12 12
17 -12 12
17 -12 12
17 0 -12
17 0 -12
17 0 -12
17 0 -12
17 0 -12
17 0 -12
17 0 -12
17 0 -12
17 0 -12
17 0 12
17 0 12
17 0 12
17 0 12
17 0 12
17 0 12
17 0 12
17 0 12
17 0 12
17 12 0
17 12 0
17 12 0
17 12 0
17 12 0
17 12 0
17 12 0
17 12 0
17 12 0
18 0 0
18 0 0
18 0 0
18 0 0
18 0 0
18 0 0
18 0 0
18 0 0
18 0 0
18 -12 0
18 -12 0
18 -12 0
18 -12 0
18 -12 0
18 -12 0
18 -12 0
18 -12 0
18 -12 0
18 -12 12
18 -12 12
18 -12 12
18 -12 12
18 -12 12
18 -12 12
18 -12 12
18 -12 12
18 -12 12
18 0 -12
18 0 -12
18 0 -12
18 0 -12
18 0 -12
18 0 -12
18 0 -12
18 0 -12
18 0 -12
18 0 12
18 0 12
18 0 12
18 0 12
18 0 12
18 0 12
18 0 12
18 0 12
18 0 12
18 12 0
18 12 0
18 12 0
18 12 0
18 12 0
18 12 0
18 12 0
18 12 0
18 12 0
19 0 0
19 0 0
19 0 0
19 0 0
19 0 0
19 0 0
19 0 0
19 0 0
19 0 0
19 -12 0
19 -12 0
19 -12 0
19 -12 0
19 -12 0
19 -12 0
19 -12 0
19 -12 0
19 -12 0
19 -12 12
19 -12 12
19 -12 12
19 -12 12
19 -12 12
19 -12 12
19 -12 12
19 -12 12
19 -12 12
19 0 -12
19 0 -12
19 0 -12
19 0 -12
19 0 -12
19 0 -12
19 0 -12
19 0 -12
19 0 -12
19 0 12
19 0 12
19 0 12
19 0 12
19 0 12
19 0 12
19 0 12
19 0 12
19 0 12
19 12 0
19 12 0
19 12 0
19 12 0
19 12 0
19 12 0
19 12 0
19 12 0
19 12 0
20 0 0
20 0 0
20 0 0
20 0 0
20 0 0
20 0 0
20 0 0
20 0 0
20 0 0
20 -12 0
20 -12 0
20 -12 0
20 -12 0
20 -12 0
20 -12 0
20 -12 0
20 -12 0
20 -12 0
20 -12 12
20 -12 12
20 -12 12
20 -12 12
20 -12 12
20 -12 12
20 -12 12
20 -12 12
20 -12 12
20 0 -12
20 0 -12
20 0 -12
20 0 -12
20 0 -12
20 0 -12
20 0 -12
20 0 -12
20 0 -12
20 0 12
20 0 12
20 0 12
20 0 12
20 0 12
20 0 12
20 0 12
20 0 12
20 0 12
20 12 0
20 12 0
20 12 0
20 12 0
20 12 0
20 12 0
20 12 0
20 12 0
20 12 0
21 0 0
21 0 0
21 0 0
21 0 0
21 0 0
21 0 0
21 0 0
21 0 0
21 0 0
21 -12 0
21 -12 0
21 -12 0
21 -12 0
21 -12 0
21 -12 0
21 -12 0
21 -12 0
21 -12 0
21 -12 12
21 -12 12
21 -12 12
21 -12 12
21 -12 12
21 -12 12
21 -12 12
21 -12 12
21 -12 12
21 0 -12
21 0 -12
21 0 -12
21 0 -12
21 0 -12
21 0 -12
21 0 -12
21 0 -12
21 0 -12
21 0 12
21 0 12
21 0 12
21 0 12
21 0 12
21 0 12
21 0 12
21 0 12
21 0 12
21 12 0
21 12 0
21 12 0
21 12 0
21 12 0
21 12 0
21 12 0
21 12 0
21 12 0
22 0 0
22 0 0
22 0 0
22 0 0
22 0 0
22 0 0
22 0 0
22 0 0
22 0 0
22 -12 0
22 -12 0
22 -12 0
22 -12 0
22 -12 0
22 -12 0
22 -12 0
22 -12 0
22 -12 0
22 -12 12
22 -12 12
22 -12 12
22 -12 12
22 -12 12
22 -12 12
22 -12 12
22 -12 12
22 -12 12
22 0 -12
22 0 -12
22 0 -12
22 0 -12
22 0 -12
22 0 -12
22 0 -12
22 0 -12
22 0 -12
22 0 12
22 0 12
22 0 12
22 0 12
22 0 12
22 0 12
22 0 12
22 0 12
22 0 12
22 12 0
22 12 0
22 12 0
22 12 0
22 12 0
22 12 0
22 12 0
22 12 0
22 12 0
23 0 0
23 0 0
23 0 0
23 0 0
23 0 0
23 0 0
23 0 0
23 0 0
23 0 0
23 -12 0
23 -12 0
23 -12 0
23 -12 0
23 -12 0
23 -12 0
23 -12 0
23 -12 0
23 -12 0
23 -12 12
23 -12 12
23 -12 12
23 -12 12
23 -12 12
23 -12 12
23 -12 12
23 -12 12
23 -12 12
23 0 -12
23 0 -12
23 0 -12
23 0 -12
23 0 -12
23 0 -12
23 0 -12
23 0 -12
23 0 -12
23 0 12
23 0 12
23 0 12
23 0 12
23 0 12
23 0 12
23 0 12
23 0 12
23 0 12
23 12 0
23 12 0
23 12 0
23 12 0
23 12 0
23 12 0
23 12 0
23 12 0
23 12 0
24 0 0
24 0 0
24 0 0
24 0 0
24 0 0
24 0 0
24 0 0
24 0 0
24 0 0
24 -12 0
24 -12 0
24 -12 0
24 -12 0
24 -12 0
24 -12 0
24 -12 0
24 -12 0
24 -12 0
24 -12 12
24 -12 12
24 -12 12
24 -12 12
24 -12 12
24 -12 12
24 -12 12
24 -12 12
24 -12 12
24 0 -12
24 0 -12
24 0 -12
24 0 -12
24 0 -12
24 0 -12
24 0 -12
24 0 -12
24 0 -12
24 0 12
24 0 12
24 0 12
24 0 12
24 0 12
24 0 12
24 0 12
24 0 12
24 0 12
24 12 0
24 12 0
24 12 0
24 12 0
24 12 0
24 12 0
24 12 0
24 12 0
24 12 0
25 0 0
25 0 0
25 0 0
25 0 0
25 0 0
25 0 0
25 0 0
25 0 0
25 0 0
25 -12 0
25 -12 0
25 -12 0
25 -12 0
25 -12 0
25 -12 0
25 -12 0
25 -12 0
25 -12 0
25 -12 12
25 -12 12
25 -12 12
25 -12 12
25 -12 12
25 -12 12
25 -12 12
25 -12 12
25 -12 12
25 0 -12
25 0 -12
25 0 -12
25 0 -12
25 0 -12
25 0 -12
25 0 -12
25 0 -12
25 0 -12
25 0 12
25 0 12
25 0 12
25 0 12
25 0 12
25 0 12
25 0 12
25 0 12
25 0 12
25 12 0
25 12 0
25 12 0
25 12 0
25 12 0
25 12 0
25 12 0
25 12 0
25 12 0
26 0 0
26 0 0
26 0 0
26 0 0
26 0 0
26 0 0
26 0 0
26 0 0
26 0 0
26 -12 0
26 -12 0
26 -12 0
26 -12 0
26 -12 0
26 -12 0
26 -12 0
26 -12 0
26 -12 0
26 -12 12
26 -12 12
26 -12 12
26 -12 12
26 -12 12
26 -12 12
26 -12 12
26 -12 12
26 -12 12
26 0 -12
26 0 -12
26 0 -12
26 0 -12
26 0 -12
26 0 -12
26 0 -12
26 0 -12
26 0 -12
26 0 12
26 0 12
26 0 12
26 0 12
26 0 12
26 0 12
26 0 12
26 0 12
26 0 12
26 12 0
26 12 0
26 12 0
26 12 0
26 12 0
26 12 0
26 12 0
26 12 0
26 12 0
27 0 0
27 0 0
27 0 0
27 0 0
27 0 0
27 0 0
27 0 0
27 0 0
27 0 0
27 -12 0
27 -12 0
27 -12 0
27 -12 0
27 -12 0
27 -12 0
27 -12 0
27 -12 0
27 -12 0
27 -12 12
27 -12 12
27 -12 12
27 -12 12
27 -12 12
27 -12 12
27 -12 12
27 -12 12
27 -12 12
27 0 -12
27 0 -12
27 0 -12
27 0 -12
27 0 -12
27 0 -12
27 0 -12
27 0 -12
27 0 -12
27 0 12
27 0 12
27 0 12
27 0 12
27 0 12
27 0 12
27 0 12
27 0 12
27 0 12
27 12 0
27 12 0
27 12 0
27 12 0
27 12 0
27 12 0
27 12 0
27 12 0
27 12 0
28 0 0
28 0 0
28 0 0
28 0 0
28 0 0
28 0 0
28 0 0
28 0 0
28 0 0
28 -12 0
28 -12 0
28 -12 0
28 -12 0
28 -12 0
28 -12 0
28 -12 0
28 -12 0
28 -12 0
28 -12 12
28 -12 12
28 -12 12
28 -12 12
28 -12 12
28 -12 12
28 -12 12
28 -12 12
28 -12 12
28 0 -12
28 0 -12
28 0 -12
28 0 -12
28 0 -12
28 0 -12
28 0 -12
28 0 -12
28 0 -12
28 0 12
28 0 12
28 0 12
28 0 12
28 0 12
28 0 12
28 0 12
28 0 12
28 0 12
28 12 0
28 12 0
28 12 0
28 12 0
28 12 0
28 12 0
28 12 0
28 12 0
28 12 0
29 0 0
29 0 0
29 0 0
29 0 0
29 0 0
29 0 0
29 0 0
29 0 0
29 0 0
29 -12 0
29 -12 0
29 -12 0
29 -12 0
29 -12 0
29 -12 0
29 -12 0
29 -12 0
29 -12 0
29 -12 12
29 -12 12
29 -12 12
29 -12 12
29 -12 12
29 -12 12
29 -12 12
29 -12 12
29 -12 12
29 0 -12
29 0 -12
29 0 -12
29 0 -12
29 0 -12
29 0 -12
29 0 -12
29 0 -12
29 0 -12
29 0 12
29 0 12
29 0 12
29 0 12
29 0 12
29 0 12
29 0 12
29 0 12
29 0 12
29 12 0
29 12 0
29 12 0
29 12 0
29 12 0
29 12 0
29 12 0
29 12 0
29 12 0
30 0 0
30 0 0
30 0 0
30 0 0
30 0 0
30 0 0
30 0 0
30 0 0
30 0 0
30 -12 0
30 -12 0
30 -12 0
30 -12 0
30 -12 0
30 -12 0
30 -12 0
30 -12 0
30 -12 0
30 -12 12
30 -12 12
30 -12 12
30 -12 12
30 -12 12
30 -12 12
30 -12 12
30 -12 12
30 -12 12
30 0 -12
30 0 -12
30 0 -12
30 0 -12
30 0 -12
30 0 -12
30 0 -12
30 0 -12
30 0 -12
30 0 12
30 0 12
30 0 12
30 0 12
30 0 12
30 0 12
30 0 12
30 0 12
30 0 12
30 12 0
30 12 0
30 12 0
30 12 0
30 12 0
30 12 0
30 12 0
30 12 0
30 12 0
31 0 0
31 0 0
31 0 0
31 0 0
31 0 0
31 0 0
31 0 0
31 0 0
31 0 0
31 -12 0
31 -12 0
31 -12 0
31 -12 0
31 -12 0
31 -12 0
31 -12 0
31 -12 0
31 -12 0
31 -12 12
31 -12 12
31 -12 12
31 -12 12
31 -12 12
31 -12 12
31 -12 12
31 -12 12
31 -12 12
31 0 -12
31 0 -12
31 0 -12
31 0 -12
31 0 -12
31 0 -12
31 0 -12
31 0 -12
31 0 -12
31 0 12
31 0 12
31 0 12
31 0 12
31 0 12
31 0 12
31 0 12
31 0 12
31 0 12
31 12 0
31 12 0
31 12 0
31 12 0
31 12 0
31 12 0
31 12 0
31 12 0
31 12 0
32 0 0
32 0 0
32 0 0
32 0 0
32 0 0
32 0 0
32 0 0
32 0 0
32 0 0
32 -12 0
32 -12 0
32 -12 0
32 -12 0
32 -12 0
32 -12 0
32 -12 0
32 -12 0
32 -12 0
32 -12 12
32 -12 12
32 -12 12
32 -12 12
32 -12 12
32 -12 12
32 -12 12
32 -12 12
32 -12 12
32 0 -12
32 0 -12
32 0 -12
32 0 -12
32 0 -12
32 0 -12
32 0 -12
32 0 -12
32 0 -12
32 0 12
32 0 12
32 0 12
32 0 12
32 0 12
32 0 12
32 0 12
32 0 12
32 0 12
32 12 0
32 12 0
32 12 0
32 12 0
32 12 0
32 12 0
32 12 0
32 12 0
32 12 0
33 0 0
33 0 0
33 0 0
33 0 0
33 0 0
33 0 0
33 0 0
33 0 0
33 0 0
33 -12 0
33 -12 0
33 -12 0
33 -12 0
33 -12 0
33 -12 0
33 -12 0
33 -12 0
33 -12 0
33 -12 12
33 -12 12
33 -12 12
33 -12 12
33 -12 12
33 -12 12
33 -12 12
33 -12 12
33 -12 12
33 0 -12
33 0 -12
33 0 -12
33 0 -12
33 0 -12
33 0 -12
33 0 -12
33 0 -12
33 0 -12
33 0 12
33 0 12
33 0 12
33 0 12
33 0 12
33 0 12
33 0 12
33 0 12
33 0 12
33 12 0
33 12 0
33 12 0
33 12 0
33 12 0
33 12 0
33 12 0
33 12 0
33 12 0
34 0 0
34 0 0
34 0 0
34 0 0
34 0 0
34 0 0
34 0 0
34 0 0
34 0 0
34 -12 0
34 -12 0
34 -12 0
34 -12 0
34 -12 0
34 -12 0
34 -12 0
34 -12 0
34 -12 0
34 -12 12
34 -12 12
34 -12 12
34 -12 12
34 -12 12
34 -12 12
34 -12 12
34 -12 12
34 -12 12
34 0 -12
34 0 -12
34 0 -12
34 0 -12
34 0 -12
34 0 -12
34 0 -12
34 0 -12
34 0 -12
34 0 12
34 0 12
34 0 12
34 0 12
34 0 12
34 0 12
34 0 12
34 0 12
34 0 12
34 12 0
34 12 0
34 12 0
34 12 0
34 12 0
34 12 0
34 12 0
34 12 0
34 12 0
35 0 0
35 0 0
35 0 0
35 0 0
35 0 0
35 0 0
35 0 0
35 0 0
35 0 0
35 -12 0
35 -12 0
35 -12 0
35 -12 0
35 -12 0
35 -12 0
35 -12 0
35 -12 0
35 -12 0
35 -12 12
35 -12 12
35 -12 12
35 -12 12
35 -12 12
35 -12 12
35 -12 12
35 -12 12
35 -12 12
35 0 -12
35 0 -12
35 0 -12
35 0 -12
35 0 -12
35 0 -12
35 0 -12
35 0 -12
35 0 -12
35 0 12
35 0 12
35 0 12
35 0 12
35 0 12
35 0 12
35 0 12
35 0 12
35 0 12
35 12 0
35 12 0
35 12 0
35 12 0
35 12 0
35 12 0
35 12 0
35 12 0
35 12 0
36 0 0
36 0 0
36 0 0
36 0 0
36 0 0
36 0 0
36 0 0
36 0 0
36 0 0
36 -12 0
36 -12 0
36 -12 0
36 -12 0
36 -12 0
36 -12 0
36 -12 0
36 -12 0
36 -12 0
36 -12 12
36 -12 12
36 -12 12
36 -12 12
36 -12 12
36 -12 12
36 -12 12
36 -12 12
36 -12 12
36 0 -12
36 0 -12
36 0 -12
36 0 -12
36 0 -12
36 0 -12
36 0 -12
36 0 -12
36 0 -12
36 0 12
36 0 12
36 0 12
36 0 12
36 0 12
36 0 12
36 0 12
36 0 12
36 0 12
36 12 0
36 12 0
36 12 0
36 12 0
36 12 0
36 12 0
36 12 0
36 12 0
36 12 0
37 0 0
37 0 0
37 0 0
37 0 0
37 0 0
37 0 0
37 0 0
37 0 0
37 0 0
37 -12 0
37 -12 0
37 -12 0
37 -12 0
37 -12 0
37 -12 0
37 -12 0
37 -12 0
37 -12 0
37 -12 12
37 -12 12
37 -12 12
37 -12 12
37 -12 12
37 -12 12
37 -12 12
37 -12 12
37 -12 12
37 0 -12
37 0 -12
37 0 -12
37 0 -12
37 0 -12
37 0 -12
37 0 -12
37 0 -12
37 0 -12
37 0 12
37 0 12
37 0 12
37 0 12
37 0 12
37 0 12
37 0 12
37 0 12
37 0 12
37 12 0
37 12 0
37 12 0
37 12 0
37 12 0
37 12 0
37 12 0
37 12 0
37 12 0
38 0 0
38 0 0
38 0 0
38 0 0
38 0 0
38 0 0
38 0 0
38 0 0
38 0 0
38 -12 0
38 -12 0
38 -12 0
38 -12 0
38 -12 0
38 -12 0
38 -12 0
38 -12 0
38 -12 0
38 -12 12
38 -12 12
38 -12 12
38 -12 12
38 -12 12
38 -12 12
38 -12 12
38 -12 12
38 -12 12
38 0 -12
38 0 -12
38 0 -12
38 0 -12
38 0 -12
38 0 -12
38 0 -12
38 0 -12
38 0 -12
38 0 12
38 0 12
38 0 12
38 0 12
38 0 12
38 0 12
38 0 12
38 0 12
38 0 12
38 12 0
38 12 0
38 12 0
38 12 0
38 12 0
38 12 0
38 12 0
38 12 0
38 12 0
39 0 0
39 0 0
39 0 0
39 0 0
39 0 0
39 0 0
39 0 0
39 0 0
39 0 0
39 -12 0
39 -12 0
39 -12 0
39 -12 0
39 -12 0
39 -12 0
39 -12 0
39 -12 0
39 -12 0
39 -12 12
39 -12 12
39 -12 12
39 -12 12
39 -12 12
39 -12 12
39 -12 12
39 -12 12
39 -12 12
39 0 -12
39 0 -12
39 0 -12
39 0 -12
39 0 -12
39 0 -12
39 0 -12
39 0 -12
39 0 -12
39 0 12
39 0 12
39 0 12
39 0 12
39 0 12
39 0 12
39 0 12
39 0 12
39 0 12
39 12 0
39 12 0
39 12 0
39 12 0
39 12 0
39 12 0
39 12 0
39 12 0
39 12 0
40 0 0
40 0 0
40 0 0
40 0 0
40 0 0
40 0 0
40 0 0
40 0 0
40 0 0
40 -12 0
40 -12 0
40 -12 0
40 -12 0
40 -12 0
40 -12 0
40 -12 0
40 -12 0
40 -12 0
40 -12 12
40 -12 12
40 -12 12
40 -12 12
40 -12 12
40 -12 12
40 -12 12
40 -12 12
40 -12 12
40 0 -12
40 0 -12
40 0 -12
40 0 -12
40 0 -12
40 0 -12
40 0 -12
40 0 -12
40 0 -12
40 0 12
40 0 12
40 0 12
40 0 12
40 0 12
40 0 12
40 0 12
40 0 12
40 0 12
40 12 0
40 12 0
40 12 0
40 12 0
40 12 0
40 12 0
40 12 0
40 12 0
40 12 0
41 0 0
41 0 0
41 0 0
41 0 0
41 0 0
41 0 0
41 0 0
41 0 0
41 0 0
41 -12 0
41 -12 0
41 -12 0
41 -12 0
41 -12 0
41 -12 0
41 -12 0
41 -12 0
41 -12 0
41 -12 12
41 -12 12
41 -12 12
41 -12 12
41 -12 12
41 -12 12
41 -12 12
41 -12 12
41 -12 12
41 0 -12
41 0 -12
41 0 -12
41 0 -12
41 0 -12
41 0 -12
41 0 -12
41 0 -12
41 0 -12
41 0 12
41 0 12
41 0 12
41 0 12
41 0 12
41 0 12
41 0 12
41 0 12
41 0 12
41 12 0
41 12 0
41 12 0
41 12 0
41 12 0
41 12 0
41 12 0
41 12 0
41 12 0
42 0 0
42 0 0
42 0 0
42 0 0
42 0 0
42 0 0
42 0 0
42 0 0
42 0 0
42 -12 0
42 -12 0
42 -12 0
42 -12 0
42 -12 0
42 -12 0
42 -12 0
42 -12 0
42 -12 0
42 -12 12
42 -12 12
42 -12 12
42 -12 12
42 -12 12
42 -12 12
42 -12 12
42 -12 12
42 -12 12
42 0 -12
42 0 -12
42 0 -12
42 0 -12
42 0 -12
42 0 -12
42 0 -12
42 0 -12
42 0 -12
42 0 12
42 0 12
42 0 12
42 0 12
42 0 12
42 0 12
42 0 12
42 0 12
42 0 12
42 12 0
42 12 0
42 12 0
42 12 0
42 12 0
42 12 0
42 12 0
42 12 0
42 12 0
43 0 0
43 0 0
43 0 0
43 0 0
43 0 0
43 0 0
43 0 0
43 0 0
43 0 0
43 -12 0
43 -12 0
43 -12 0
43 -12 0
43 -12 0
43 -12 0
43 -12 0
43 -12 0
43 -12 0
43 -12 12
43 -12 12
43 -12 12
43 -12 12
43 -12 12
43 -12 12
43 -12 12
43 -12 12
43 -12 12
43 0 -12
43 0 -12
43 0 -12
43 0 -12
43 0 -12
43 0 -12
43 0 -12
43 0 -12
43 0 -12
43 0 12
43 0 12
43 0 12
43 0 12
43 0 12
43 0 12
43 0 12
43 0 12
43 0 12
43 12 0
43 12 0
43 12 0
43 12 0
43 12 0
43 12 0
43 12 0
43 12 0
43 12 0
44 0 0
44 0 0
44 0 0
44 0 0
44 0 0
44 0 0
44 0 0
44 0 0
44 0 0
44 -12 0
44 -12 0
44 -12 0
44 -12 0
44 -12 0
44 -12 0
44 -12 0
44 -12 0
44 -12 0
44 -12 12
44 -12 12
44 -12 12
44 -12 12
44 -12 12
44 -12 12
44 -12 12
44 -12 12
44 -12 12
44 0 -12
44 0 -12
44 0 -12
44 0 -12
44 0 -12
44 0 -12
44 0 -12
44 0 -12
44 0 -12
44 0 12
44 0 12
44 0 12
44 0 12
44 0 12
44 0 12
44 0 12
44 0 12
44 0 12
44 12 0
44 12 0
44 12 0
44 12 0
44 12 0
44 12 0
44 12 0
44 12 0
44 12 0
45 0 0
45 0 0
45 0 0
45 0 0
45 0 0
45 0 0
45 0 0
45 0 0
45 0 0
45 -12 0
45 -12 0
45 -12 0
45 -12 0
45 -12 0
45 -12 0
45 -12 0
45 -12 0
45 -12 0
45 -12 12
45 -12 12
45 -12 12
45 -12 12
45 -12 12
45 -12 12
45 -12 12
45 -12 12
45 -12 12
45 0 -12
45 0 -12
45 0 -12
45 0 -12
45 0 -12
45 0 -12
45 0 -12
45 0 -12
45 0 -12
45 0 12
45 0 12
45 0 12
45 0 12
45 0 12
45 0 12
45 0 12
45 0 12
45 0 12
45 12 0
45 12 0
45 12 0
45 12 0
45 12 0
45 12 0
45 12 0
45 12 0
45 12 0
46 0 0
46 0 0
46 0 0
46 0 0
46 0 0
46 0 0
46 0 0
46 0 0
46 0 0
46 -12 0
46 -12 0
46 -12 0
46 -12 0
46 -12 0
46 -12 0
46 -12 0
46 -12 0
46 -12 0
46 -12 12
46 -12 12
46 -12 12
46 -12 12
46 -12 12
46 -12 12
46 -12 12
46 -12 12
46 -12 12
46 0 -12
46 0 -12
46 0 -12
46 0 -12
46 0 -12
46 0 -12
46 0 -12
46 0 -12
46 0 -12
46 0 12
46 0 12
46 0 12
46 0 12
46 0 12
46 0 12
46 0 12
46 0 12
46 0 12
46 12 0
46 12 0
46 12 0
46 12 0
46 12 0
46 12 0
46 12 0
46 12 0
46 12 0
47 0 0
47 0 0
47 0 0
47 0 0
47 0 0
47 0 0
47 0 0
47 0 0
47 0 0
47 -12 0
47 -12 0
47 -12 0
47 -12 0
47 -12 0
47 -12 0
47 -12 0
47 -12 0
47 -12 0
47 -12 12
47 -12 12
47 -12 12
47 -12 12
47 -12 12
47 -12 12
47 -12 12
47 -12 12
47 -12 12
47 0 -12
47 0 -12
47 0 -12
47 0 -12
47 0 -12
47 0 -12
47 0 -12
47 0 -12
47 0 -12
47 0 12
47 0 12
47 0 12
47 0 12
47 0 12
47 0 12
47 0 12
47 0 12
47 0 12
47 12 0
47 12 0
47 12 0
47 12 0
47 12 0
47 12 0
47 12 0
47 12 0
47 12 0
48 0 0
48 0 0
48 0 0
48 0 0
48 0 0
48 0 0
48 0 0
48 0 0
48 0 0
48 -12 0
48 -12 0
48 -12 0
48 -12 0
48 -12 0
48 -12 0
48 -12 0
48 -12 0
48 -12 0
48 -12 12
48 -12 12
48 -12 12
48 -12 12
48 -12 12
48 -12 12
48 -12 12
48 -12 12
48 -12 12
48 0 -12
48 0 -12
48 0 -12
48 0 -12
48 0 -12
48 0 -12
48 0 -12
48 0 -12
48 0 -12
48 0 12
48 0 12
48 0 12
48 0 12
48 0 12
48 0 12
48 0 12
48 0 12
48 0 12
48 12 0
48 12 0
48 12 0
48 12 0
48 12 0
48 12 0
48 12 0
48 12 0
48 12 0
49 0 0
49 0 0
49 0 0
49 0 0
49 0 0
49 0 0
49 0 0
49 0 0
49 0 0
49 -12 0
49 -12 0
49 -12 0
49 -12 0
49 -12 0
49 -12 0
49 -12 0
49 -12 0
49 -12 0
49 -12 12
49 -12 12
49 -12 12
49 -12 12
49 -12 12
49 -12 12
49 -12 12
49 -12 12
49 -12 12
49 0 -12
49 0 -12
49 0 -12
49 0 -12
49 0 -12
49 0 -12
49 0 -12
49 0 -12
49 0 -12
49 0 12
49 0 12
49 0 12
49 0 12
49 0 12
49 0 12
49 0 12
49 0 12
49 0 12
49 12 0
49 12 0
49 12 0
49 12 0
49 12 0
49 12 0
49 12 0
49 12 0
49 12 0
50 0 0
50 0 0
50 0 0
50 0 0
50 0 0
50 0 0
50 0 0
50 0 0
50 0 0
50 -12 0
50 -12 0
50 -12 0
50 -12 0
50 -12 0
50 -12 0
50 -12 0
50 -12 0
50 -12 0
50 -12 12
50 -12 12
50 -12 12
50 -12 12
50 -12 12
50 -12 12
50 -12 12
50 -12 12
50 -12 12
50 0 -12
50 0 -12
50 0 -12
50 0 -12
50 0 -12
50 0 -12
50 0 -12
50 0 -12
50 0 -12
50 0 12
50 0 12
50 0 12
50 0 12
50 0 12
50 0 12
50 0 12
50 0 12
50 0 12
50 12 0
50 12 0
50 12 0
50 12 0
50 12 0
50 12 0
50 12 0
50 12 0
50 12 0
51 0 0
51 0 0
51 0 0
51 0 0
51 0 0
51 0 0
51 0 0
51 0 0
51 0 0
51 -12 0
51 -12 0
51 -12 0
51 -12 0
51 -12 0
51 -12 0
51 -12 0
51 -12 0
51 -12 0
51 -12 12
51 -12 12
51 -12 12
51 -12 12
51 -12 12
51 -12 12
51 -12 12
51 -12 12
51 -12 12
51 0 -12
51 0 -12
51 0 -12
51 0 -12
51 0 -12
51 0 -12
51 0 -12
51 0 -12
51 0 -12
51 0 12
51 0 12
51 0 12
51 0 12
51 0 12
51 0 12
51 0 12
51 0 12
51 0 12
51 12 0
51 12 0
51 12 0
51 12 0
51 12 0
51 12 0
51 12 0
51 12 0
51 12 0
52 0 0
52 0 0
52 0 0
52 0 0
52 0 0
52 0 0
52 0 0
52 0 0
52 0 0
52 -12 0
52 -12 0
52 -12 0
52 -12 0
52 -12 0
52 -12 0
52 -12 0
52 -12 0
52 -12 0
52 -12 12
52 -12 12
52 -12 12
52 -12 12
52 -12 12
52 -12 12
52 -12 12
52 -12 12
52 -12 12
52 0 -12
52 0 -12
52 0 -12
52 0 -12
52 0 -12
52 0 -12
52 0 -12
52 0 -12
52 0 -12
52 0 12
52 0 12
52 0 12
52 0 12
52 0 12
52 0 12
52 0 12
52 0 12
52 0 12
52 12 0
52 12 0
52 12 0
52 12 0
52 12 0
52 12 0
52 12 0
52 12 0
52 12 0
53 0 0
53 0 0
53 0 0
53 0 0
53 0 0
53 0 0
53 0 0
53 0 0
53 0 0
53 -12 0
53 -12 0
53 -12 0
53 -12 0
53 -12 0
53 -12 0
53 -12 0
53 -12 0
53 -12 0
53 -12 12
53 -12 12
53 -12 12
53 -12 12
53 -12 12
53 -12 12
53 -12 12
53 -12 12
53 -12 12
53 0 -12
53 0 -12
53 0 -12
53 0 -12
53 0 -12
53 0 -12
53 0 -12
53 0 -12
53 0 -12
53 0 12
53 0 12
53 0 12
53 0 12
53 0 12
53 0 12
53 0 12
53 0 12
53 0 12
53 12 0
53 12 0
53 12 0
53 12 0
53 12 0
53 12 0
53 12 0
53 12 0
53 12 0
54 0 0
54 0 0
54 0 0
54 0 0
54 0 0
54 0 0
54 0 0
54 0 0
54 0 0
54 -12 0
54 -12 0
54 -12 0
54 -12 0
54 -12 0
54 -12 0
54 -12 0
54 -12 0
54 -12 0
54 -12 12
54 -12 12
54 -12 12
54 -12 12
54 -12 12
54 -12 12
54 -12 12
54 -12 12
54 -12 12
54 0 -12
54 0 -12
54 0 -12
54 0 -12
54 0 -12
54 0 -12
54 0 -12
54 0 -12
54 0 -12
54 0 12
54 0 12
54 0 12
54 0 12
54 0 12
54 0 12
54 0 12
54 0 12
54 0 12
54 12 0
54 12 0
54 12 0
54 12 0
54 12 0
54 12 0
54 12 0
54 12 0
54 12 0
55 0 0
55 0 0
55 0 0
55 0 0
55 0 0
55 0 0
55 0 0
55 0 0
55 0 0
55 -12 0
55 -12 0
55 -12 0
55 -12 0
55 -12 0
55 -12 0
55 -12 0
55 -12 0
55 -12 0
55 -12 12
55 -12 12
55 -12 12
55 -12 12
55 -12 12
55 -12 12
55 -12 12
55 -12 12
55 -12 12
55 0 -12
55 0 -12
55 0 -12
55 0 -12
55 0 -12
55 0 -12
55 0 -12
55 0 -12
55 0 -12
55 0 12
55 0 12
55 0 12
55 0 12
55 0 12
55 0 12
55 0 12
55 0 12
55 0 12
55 12 0
55 12 0
55 12 0
55 12 0
55 12 0
55 12 0
55 12 0
55 12 0
55 12 0
56 0 0
56 0 0
56 0 0
56 0 0
56 0 0
56 0 0
56 0 0
56 0 0
56 0 0
56 -12 0
56 -12 0
56 -12 0
56 -12 0
56 -12 0
56 -12 0
56 -12 0
56 -12 0
56 -12 0
56 -12 12
56 -12 12
56 -12 12
56 -12 12
56 -12 12
56 -12 12
56 -12 12
56 -12 12
56 -12 12
56 0 -12
56 0 -12
56 0 -12
56 0 -12
56 0 -12
56 0 -12
56 0 -12
56 0 -12
56 0 -12
56 0 12
56 0 12
56 0 12
56 0 12
56 0 12
56 0 12
56 0 12
56 0 12
56 0 12
56 12 0
56 12 0
56 12 0
56 12 0
56 12 0
56 12 0
56 12 0
56 12 0
56 12 0
57 0 0
57 0 0
57 0 0
57 0 0
57 0 0
57 0 0
57 0 0
57 0 0
57 0 0
57 -12 0
57 -12 0
57 -12 0
57 -12 0
57 -12 0
57 -12 0
57 -12 0
57 -12 0
57 -12 0
57 -12 12
57 -12 12
57 -12 12
57 -12 12
57 -12 12
57 -12 12
57 -12 12
57 -12 12
57 -12 12
57 0 -12
57 0 -12
57 0 -12
57 0 -12
57 0 -12
57 0 -12
57 0 -12
57 0 -12
57 0 -12
57 0 12
57 0 12
57 0 12
57 0 12
57 0 12
57 0 12
57 0 12
57 0 12
57 0 12
57 12 0
57 12 0
57 12 0
57 12 0
57 12 0
57 12 0
57 12 0
57 12 0
57 12 0
58 0 0
58 0 0
58 0 0
58 0 0
58 0 0
58 0 0
58 0 0
58 0 0
58 0 0
58 -12 0
58 -12 0
58 -12 0
58 -12 0
58 -12 0
58 -12 0
58 -12 0
58 -12 0
58 -12 0
58 -12 12
58 -12 12
58 -12 12
58 -12 12
58 -12 12
58 -12 12
58 -12 12
58 -12 12
58 -12 12
58 0 -12
58 0 -12
58 0 -12
58 0 -12
58 0 -12
58 0 -12
58 0 -12
58 0 -12
58 0 -12
58 0 12
58 0 12
58 0 12
58 0 12
58 0 12
58 0 12
58 0 12
58 0 12
58 0 12
58 12 0
58 12 0
58 12 0
58 12 0
58 12 0
58 12 0
58 12 0
58 12 0
58 12 0
59 0 0
59 0 0
59 0 0
59 0 0
59 0 0
59 0 0
59 0 0
59 0 0
59 0 0
59 -12 0
59 -12 0
59 -12 0
59 -12 0
59 -12 0
59 -12 0
59 -12 0
59 -12 0
59 -12 0
59 -12 12
59 -12 12
59 -12 12
59 -12 12
59 -12 12
59 -12 12
59 -12 12
59 -12 12
59 -12 12
59 0 -12
59 0 -12
59 0 -12
59 0 -12
59 0 -12
59 0 -12
59 0 -12
59 0 -12
59 0 -12
59 0 12
59 0 12
59 0 12
59 0 12
59 0 12
59 0 12
59 0 12
59 0 12
59 0 12
59 12 0
59 12 0
59 12 0
59 12 0
59 12 0
59 12 0
59 12 0
59 12 0
59 12 0
60 0 0
60 0 0
60 0 0
60 0 0
60 0 0
60 0 0
60 0 0
60 0 0
60 0 0
60 -12 0
60 -12 0
60 -12 0
60 -12 0
60 -12 0
60 -12 0
60 -12 0
60 -12 0
60 -12 0
60 -12 12
60 -12 12
60 -12 12
60 -12 12
60 -12 12
60 -12 12
60 -12 12
60 -12 12
60 -12 12
60 0 -12
60 0 -12
60 0 -12
60 0 -12
60 0 -12
60 0 -12
60 0 -12
60 0 -12
60 0 -12
60 0 12
60 0 12
60 0 12
60 0 12
60 0 12
60 0 12
60 0 12
60 0 12
60 0 12
60 12 0
60 12 0
60 12 0
60 12 0
60 12 0
60 12 0
60 12 0
60 12 0
60 12 0
61 0 0
61 0 0
61 0 0
61 0 0
61 0 0
61 0 0
61 0 0
61 0 0
61 0 0
61 -12 0
61 -12 0
61 -12 0
61 -12 0
61 -12 0
61 -12 0
61 -12 0
61 -12 0
61 -12 0
61 -12 12
61 -12 12
61 -12 12
61 -12 12
61 -12 12
61 -12 12
61 -12 12
61 -12 12
61 -12 12
61 0 -12
61 0 -12
61 0 -12
61 0 -12
61 0 -12
61 0 -12
61 0 -12
61 0 -12
61 0 -12
61 0 12
61 0 12
61 0 12
61 0 12
61 0 12
61 0 12
61 0 12
61 0 12
61 0 12
61 12 0
61 12 0
61 12 0
61 12 0
61 12 0
61 12 0
61 12 0
61 12 0
61 12 0
62 0 0
62 0 0
62 0 0
62 0 0
62 0 0
62 0 0
62 0 0
62 0 0
62 0 0
62 -12 0
62 -12 0
62 -12 0
62 -12 0
62 -12 0
62 -12 0
62 -12 0
62 -12 0
62 -12 0
62 -12 12
62 -12 12
62 -12 12
62 -12 12
62 -12 12
62 -12 12
62 -12 12
62 -12 12
62 -12 12
62 0 -12
62 0 -12
62 0 -12
62 0 -12
62 0 -12
62 0 -12
62 0 -12
62 0 -12
62 0 -12
62 0 12
62 0 12
62 0 12
62 0 12
62 0 12
62 0 12
62 0 12
62 0 12
62 0 12
62 12 0
62 12 0
62 12 0
62 12 0
62 12 0
62 12 0
62 12 0
62 12 0
62 12 0
63 0 0
63 0 0
63 0 0
63 0 0
63 0 0
63 0 0
63 0 0
63 0 0
63 0 0
63 -12 0
63 -12 0
63 -12 0
63 -12 0
63 -12 0
63 -12 0
63 -12 0
63 -12 0
63 -12 0
63 -12 12
63 -12 12
63 -12 12
63 -12 12
63 -12 12
63 -12 12
63 -12 12
63 -12 12
63 -12 12
63 0 -12
63 0 -12
63 0 -12
63 0 -12
63 0 -12
63 0 -12
63 0 -12
63 0 -12
63 0 -12
63 0 12
63 0 12
63 0 12
63 0 12
63 0 12
63 0 12
63 0 12
63 0 12
63 0 12
63 12 0
63 12 0
63 12 0
63 12 0
63 12 0
63 12 0
63 12 0
63 12 0
63 12 0
64 0 0
64 0 0
64 0 0
64 0 0
64 0 0
64 0 0
64 0 0
64 0 0
64 0 0
64 -12 0
64 -12 0
64 -12 0
64 -12 0
64 -12 0
64 -12 0
64 -12 0
64 -12 0
64 -12 0
64 -12 12
64 -12 12
64 -12 12
64 -12 12
64 -12 12
64 -12 12
64 -12 12
64 -12 12
64 -12 12
64 0 -12
64 0 -12
64 0 -12
64 0 -12
64 0 -12
64 0 -12
64 0 -12
64 0 -12
64 0 -12
64 0 12
64 0 12
64 0 12
64 0 12
64 0 12
64 0 12
64 0 12
64 0 12
64 0 12
64 12 0
64 12 0
64 12 0
64 12 0
64 12 0
64 12 0
64 12 0
64 12 0
64 12 0
65 0 0
65 0 0
65 0 0
65 0 0
65 0 0
65 0 0
65 0 0
65 0 0
65 0 0
65 -12 0
65 -12 0
65 -12 0
65 -12 0
65 -12 0
65 -12 0
65 -12 0
65 -12 0
65 -12 0
65 -12 12
65 -12 12
65 -12 12
65 -12 12
65 -12 12
65 -12 12
65 -12 12
65 -12 12
65 -12 12
65 0 -12
65 0 -12
65 0 -12
65 0 -12
65 0 -12
65 0 -12
65 0 -12
65 0 -12
65 0 -12
65 0 12
65 0 12
65 0 12
65 0 12
65 0 12
65 0 12
65 0 12
65 0 12
65 0 12
65 12 0
65 12 0
65 12 0
65 12 0
65 12 0
65 12 0
65 12 0
65 12 0
65 12 0
66 0 0
66 0 0
66 0 0
66 0 0
66 0 0
66 0 0
66 0 0
66 0 0
66 0 0
66 -12 0
66 -12 0
66 -12 0
66 -12 0
66 -12 0
66 -12 0
66 -12 0
66 -12 0
66 -12 0
66 -12 12
66 -12 12
66 -12 12
66 -12 12
66 -12 12
66 -12 12
